Generacion 0 - Fitness = 1268099
Generacion 1 - Fitness = 1265350
Generacion 2 - Fitness = 1261212
Generacion 3 - Fitness = 1251771
Generacion 4 - Fitness = 1250726
Generacion 5 - Fitness = 1242652
Generacion 6 - Fitness = 1237968
Generacion 7 - Fitness = 1234599
Generacion 8 - Fitness = 1234599
Generacion 9 - Fitness = 1231423
Generacion 10 - Fitness = 1227656
Generacion 11 - Fitness = 1226100
Generacion 12 - Fitness = 1221959
Generacion 13 - Fitness = 1216260
Generacion 14 - Fitness = 1211525
Generacion 15 - Fitness = 1210409
Generacion 16 - Fitness = 1201523
Generacion 17 - Fitness = 1201523
Generacion 18 - Fitness = 1201523
Generacion 19 - Fitness = 1201523
Generacion 20 - Fitness = 1201523
Generacion 21 - Fitness = 1201523
Generacion 22 - Fitness = 1196107
Generacion 23 - Fitness = 1192171
Generacion 24 - Fitness = 1192171
Generacion 25 - Fitness = 1191746
Generacion 26 - Fitness = 1189318
Generacion 27 - Fitness = 1189318
Generacion 28 - Fitness = 1189318
Generacion 29 - Fitness = 1189318
Generacion 30 - Fitness = 1186195
Generacion 31 - Fitness = 1186195
Generacion 32 - Fitness = 1185592
Generacion 33 - Fitness = 1183249
Generacion 34 - Fitness = 1183249
Generacion 35 - Fitness = 1183249
Generacion 36 - Fitness = 1183249
Generacion 37 - Fitness = 1180059
Generacion 38 - Fitness = 1180059
Generacion 39 - Fitness = 1177613
Generacion 40 - Fitness = 1177613
Generacion 41 - Fitness = 1177613
Generacion 42 - Fitness = 1177613
Generacion 43 - Fitness = 1177613
Generacion 44 - Fitness = 1176190
Generacion 45 - Fitness = 1168581
Generacion 46 - Fitness = 1168581
Generacion 47 - Fitness = 1168581
Generacion 48 - Fitness = 1168581
Generacion 49 - Fitness = 1168581
Execution Time: 9.32 sec

Solution: 0 608 530 903 6 664 1871 428 289 389 104 1708 982 921 553 4 1478 1920 1670 342 1834 2332 801 2383 1281 1412 1489 2157 44 1989 787 2401 1450 169 2156 1456 834 1527 1884 1123 1917 1988 1684 1751 1761 1089 739 510 1130 1082 1196 2314 735 2431 1095 2147 1420 753 1044 2261 392 945 1211 561 601 167 1395 2128 2051 1371 397 391 1907 1892 916 2036 1834 2465 89 249 1609 507 1128 1556 368 1183 447 874 309 1277 1880 2492 1365 784 113 2485 1638 720 1085 2349 702 1993 320 409 2357 781 1727 1298 2383 836 657 1011 2392 1025 2194 1692 751 1355 1451 880 735 2245 371 1557 2231 2010 1129 816 711 1832 1661 1031 1927 923 888 208 150 1039 91 2338 1696 2455 2230 1574 1001 274 2325 1725 2058 1944 669 1803 2316 1078 1534 678 1059 1203 1389 391 364 2420 1170 139 2161 231 289 700 1674 127 1248 1629 1210 322 1483 1484 1500 192 2062 1058 2136 361 161 748 1482 72 1951 1723 464 1167 496 486 1307 157 717 448 2209 1928 957 373 1990 132 1856 974 1632 2048 536 1542 537 2119 1903 1341 1132 1503 1676 1205 954 899 521 1395 1007 1133 404 1581 1465 469 2361 1275 842 1851 1407 1551 1678 1891 2451 1066 933 488 686 1688 682 670 692 2358 727 1646 2109 1472 1005 2256 105 261 333 539 2154 1752 502 1848 1104 1895 1632 2 868 2173 259 1285 243 2043 1535 1148 1912 945 2276 377 179 1029 1914 360 1618 687 1697 1710 706 671 1157 1397 1418 289 251 1138 2462 510 2423 1558 53 311 817 108 689 2352 2384 2419 32 2004 948 798 2364 1419 337 413 1189 1120 152 1198 1369 423 1488 1620 1561 1450 2130 1485 1860 2183 1796 918 1852 1904 1608 1704 640 379 588 1496 1327 1386 213 246 576 626 617 598 1232 1815 1967 1655 803 1087 2068 1106 717 1053 466 1752 1385 1104 2457 1845 1661 1950 2224 2249 946 2403 2488 1159 1502 564 1786 81 1181 165 672 1791 241 1258 1361 146 700 813 1922 1510 1083 107 1234 2406 2490 1024 1065 344 1588 351 425 1621 1943 970 115 2474 435 1708 1855 660 1262 55 326 2036 2064 1836 619 1923 930 1913 180 1995 1109 620 1199 386 2242 287 2329 1431 2445 2038 1866 1653 2122 15 2360 1634 129 1267 1578 1071 982 2431 1088 1639 158 859 1133 20 2269 929 1380 12 2044 300 2237 1794 1671 2399 2101 783 2233 1173 714 821 1664 1375 2209 184 2497 638 1004 2002 590 548 1536 2163 1903 1196 1488 908 1387 2028 1691 1121 2053 1257 794 69 981 2310 1445 690 294 1764 1298 2354 698 1049 1188 1132 851 2329 1192 2089 79 1749 1281 52 154 1390 2199 223 2372 2009 520 1914 856 2166 120 964 631 1326 532 922 1703 719 2055 55 513 1247 234 1677 178 835 1583 989 701 1282 65 573 791 1937 1339 1648 530 1178 1103 138 537 1095 2243 334 637 1572 407 1726 2198 387 937 1983 1563 1133 1928 2407 645 1085 601 853 1622 1696 1948 1185 855 2380 444 2078 1699 1032 1420 2285 1680 903 1898 826 1318 254 1502 642 2252 2217 1727 353 1922 2201 2086 2430 390 1383 215 1321 1934 2353 582 1556 1273 736 1028 2469 1562 705 669 201 1347 421 1270 2126 693 1628 527 2267 990 1465 2197 233 2413 1554 2282 259 1717 1134 385 936 722 1413 906 2284 112 1611 1805 313 1810 1078 1583 704 1718 83 896 208 1549 441 749 710 847 532 288 1107 1101 1422 1492 2037 1757 1795 1869 2258 1438 1034 1569 17 1658 721 98 876 2157 1206 644 378 807 1226 191 1292 769 2182 1477 1399 337 1190 509 354 1512 2167 2428 463 1896 2085 481 450 12 1994 507 786 1276 1151 468 798 793 2094 2238 1131 2136 247 1149 265 464 662 1202 2125 2495 1931 1059 148 1943 848 994 1302 474 825 1618 2006 489 1601 496 854 1056 369 2259 585 1716 1956 16 275 1124 1950 965 2396 2273 1184 2186 1935 1191 2424 293 1039 2012 1084 1535 2087 751 1933 1560 801 1783 1368 1613 2171 78 1106 1326 1980 1142 2047 1666 577 2091 1062 1853 1236 954 217 2320 2489 812 375 416 828 423 1166 1048 888 426 2319 1484 677 1145 964 2045 1482 1248 488 45 1724 999 2170 2340 458 2027 2398 271 108 1063 247 787 1285 609 41 733 430 863 2336 1712 1371 1366 1800 192 1766 1997 586 234 974 484 1290 1623 1966 1205 1605 2490 1332 1646 1762 1286 439 450 1850 536 1821 1188 865 2028 745 1768 1044 1206 870 2248 866 389 2171 2209 170 1912 568 1138 921 753 1885 572 1367 2107 727 2398 1188 309 2081 2185 2215 1300 502 1672 1789 1763 1020 836 2075 810 1270 336 1939 510 1503 25 691 379 595 109 649 2253 2273 1872 1723 646 1044 2364 2410 700 837 578 1369 1887 1725 51 2412 2416 1377 75 1805 724 1559 1849 348 42 1222 1118 788 803 1194 900 2246 1179 2274 1234 2060 1476 283 732 1005 1358 357 54 2128 2238 121 1774 167 1957 1067 1331 1120 2389 1897 1268 2284 2180 8 1129 580 713 2416 305 2044 1884 1125 1327 512 1681 158 1570 1690 1304 223 272 1697 1740 522 1613 827 326 1929 1451 62 1984 2266 547 2407 1597 1442 2293 1297 2256 1380 330 1057 1954 715 539 1496 1435 1504 2223 2362 184 1276 801 1453 1844 86 1161 1937 417 2361 1015 1773 667 2313 1799 2078 506 15 473 199 1981 1528 2287 524 885 355 778 2374 1943 1673 836 1260 957 1766 2334 2324 804 307 23 1141 403 2233 928 127 1609 2153 148 673 574 503 1349 106 2294 2163 282 1355 1758 2141 1886 1250 125 1303 232 950 2075 396 1655 601 1063 2486 482 1841 470 1237 1100 1333 961 69 2112 195 1924 1932 2117 1126 1741 605 2433 1087 1935 1653 1173 2024 2118 751 549 2303 426 738 1512 519 911 2288 1215 528 38 443 1083 731 2228 1264 972 248 496 1354 2338 2117 1471 1754 1509 2020 420 604 336 521 1853 91 1299 2374 781 35 1035 2390 2220 213 2173 1398 633 2468 1415 786 1506 856 177 920 1646 807 2096 910 1778 2122 2466 1618 2394 399 329 2148 1670 735 228 719 331 819 1428 1450 700 1416 1520 1631 124 1787 358 1492 1967 1746 1615 440 1006 2388 779 2073 2393 2353 1933 120 2256 1536 617 1730 252 775 2193 608 1439 1295 1076 363 1080 1862 2005 2281 2410 214 162 1470 942 1937 835 1544 1126 196 2436 2221 591 435 559 1046 570 2194 642 1790 636 1227 1267 1969 941 2065 2098 644 1931 108 1055 1848 2435 2175 692 711 1388 1115 802 1199 2467 1770 279 1181 1500 2216 1564 2283 889 1663 1239 1287 560 167 2460 654 1373 2376 1186 877 1467 795 1355 1605 1751 1905 1286 1727 1855 1327 1365 1632 1801 134 1347 617 555 1845 1214 1230 348 110 1518 68 1185 240 61 927 1206 224 2259 30 530 1733 699 2192 427 2430 1212 795 494 603 1042 1576 755 982 719 1204 2065 2285 2206 1526 621 979 1000 2035 614 1646 2445 287 374 2238 1949 1228 1603 1504 801 1183 676 2248 592 911 1764 2420 1456 2470 1056 1239 1918 162 825 2267 827 322 713 1328 2441 687 259 867 2443 381 1453 2073 325 2367 1342 932 2397 1768 88 2182 1380 2316 942 1261 1139 2418 303 1274 1534 1786 683 1952 2463 865 851 506 1105 1450 1822 2389 338 269 2070 2074 614 1837 1343 780 130 154 2012 2195 1354 169 585 796 2043 960 1460 1291 2240 734 1826 1134 247 459 806 1500 1155 2327 334 616 619 159 1119 1697 1795 2182 966 2057 1050 2158 313 2266 82 260 2408 2218 302 1014 147 19 83 640 2165 871 1215 1798 2156 413 1969 2432 1060 2431 2215 2010 1031 199 161 825 1501 1712 572 2101 1290 102 2248 480 296 2248 1495 1721 329 887 2400 252 430 1706 769 687 1878 2209 159 2202 1100 1246 1674 1364 1015 1083 1939 767 1661 1907 2322 2154 1606 1224 575 1172 2171 528 824 280 166 1377 909 469 43 1898 348 570 945 2007 2245 1692 1615 481 68 1183 733 975 1610 606 450 1063 2320 427 203 1132 2126 2072 1403 1605 337 88 2257 440 2485 425 1203 2109 1849 1750 1783 1499 237 2104 1240 1381 207 1833 770 1473 1049 192 2050 1466 249 560 100 140 935 1974 1429 2097 857 592 514 77 1690 617 1462 2029 1165 2397 466 1885 159 2307 568 480 1098 986 1956 417 2410 1945 1983 1774 2302 705 930 1712 1897 617 2387 2329 700 40 671 1959 2204 1574 15 1219 1966 772 783 1598 1977 1415 587 747 499 2461 1511 650 972 2399 471 1788 371 673 657 2145 411 618 2054 775 1473 66 1068 1159 814 529 1112 1285 1867 2426 2268 759 1572 1534 757 1859 302 941 1987 344 2124 332 313 643 1334 1672 2135 347 2004 1368 2310 1301 172 93 817 2146 1003 907 2190 1928 1493 284 67 1052 2009 105 881 878 345 2371 1772 307 1137 1412 1923 1633 1403 1147 626 2025 748 1592 1885 2031 589 1708 2354 1321 1451 1706 720 1626 1868 2458 1475 926 994 1632 2107 740 1058 1194 264 134 297 480 447 1374 477 1778 1771 1938 2070 1008 157 1531 1173 901 366 57 1571 847 2050 844 1550 1552 2118 213 1483 510 39 1194 1402 950 1032 1250 992 2042 132 7 2022 606 880 1972 282 253 2185 594 775 1720 846 1897 128 423 2264 270 1741 272 2002 553 2195 1165 1136 210 1180 999 1926 788 1366 715 996 1430 2176 261 1313 524 848 1461 1903 1796 2028 1138 1619 1809 1992 915 291 1468 80 982 1607 1950 1992 1642 314 198 999 1124 501 325 1483 1873 1489 1401 1247 1150 2025 1434 582 1581 754 107 1882 2170 1177 1326 1803 1790 2246 2113 1170 1904 315 1306 2390 1023 1687 1879 1860 768 216 2183 1101 406 393 1118 759 1513 294 1955 1168 743 1508 354 175 505 1388 2191 45 454 1577 879 218 1928 1810 1781 1028 642 1684 2244 864 104 1782 321 1769 1558 1276 1925 737 1206 1381 1421 2043 1665 1190 2188 1036 230 1525 984 2200 2154 1531 1296 33 855 1044 2242 968 1214 36 300 536 427 853 2373 2307 1803 1932 1372 1497 917 283 1574 1083 1495 927 1255 502 1517 2289 1184 1119 1378 405 152 1798 654 795 1794 1800 985 1348 2136 626 1276 750 108 607 2110 1940 2143 262 1339 2130 1202 930 520 1860 1341 529 2195 114 1446 451 87 1243 1831 2212 882 1575 508 1987 775 2182 1883 1403 647 2040 449 194 790 585 1127 163 2031 2432 1548 1720 1256 1881 2183 733 2263 660 191 120 1909 1921 1324 1398 2319 838 711 167 1087 47 297 1748 658 765 1219 1764 747 2496 2006 118 1364 1123 201 190 1295 1604 1952 33 2023 554 953 1200 1836 819 42 1995 1795 1084 1159 2048 305 2470 1305 1673 260 1583 1003 1537 2063 803 1388 1857 1042 1528 1022 1823 776 317 1686 280 441 1170 1621 1061 46 1542 1114 418 1342 1232 563 414 1306 888 443 2210 1124 1056 2387 1555 1010 575 1982 2011 2418 2406 1837 318 2160 2052 801 945 1761 335 2454 322 2446 371 2264 129 1080 341 1115 348 1538 600 1459 261 1026 2290 1887 2194 1864 977 233 1576 1862 709 519 904 2316 1586 1703 889 1253 700 1558 2471 1344 682 1924 1911 111 345 955 1152 2147 1955 1670 358 546 1038 551 1050 1726 601 192 2462 727 243 1396 983 1138 1503 742 142 1167 97 1543 2069 540 1535 1338 655 1308 699 2127 1419 2487 1037 1679 2231 1146 1191 35 1506 191 152 2258 993 105 2144 137 2415 1531 362 1598 2349 222 1270 1130 2192 2447 2085 646 1695 712 1224 1629 412 1503 1805 1955 2043 1603 1606 2480 1280 1326 560 781 1816 4 1534 1555 394 2142 1237 157 2226 1575 1886 2271 1457 2466 2201 1064 998 1760 1522 2422 1801 2309 2315 840 1294 1749 2398 767 1031 2269 943 2236 1650 915 1400 91 75 687 1200 1399 2139 2193 1845 1327 1973 1616 772 1605 1078 2062 1675 1464 1437 2050 176 1071 2095 1967 587 19 298 688 740 2016 1652 329 642 1516 572 2249 1316 665 307 2432 2235 2108 1111 2298 1410 41 39 845 868 2233 2023 739 1344 818 1106 2490 1103 1188 622 1282 1480 1414 873 1472 1120 1984 1180 1517 340 983 557 2207 57 928 936 1960 251 2083 1500 1688 999 1692 520 66 537 1776 1870 2364 876 1473 963 1779 1138 1146 859 715 2143 539 952 684 2460 1541 479 1651 2172 1393 1611 2032 996 1198 448 1226 1092 524 147 1959 431 1943 1387 1961 370 1028 670 247 1021 729 239 1247 1189 2384 469 2311 574 2300 1892 1647 564 1029 2159 1210 172 195 1821 220 1573 2313 1034 888 199 312 1806 1795 1314 1880 2119 389 902 2429 1440 100 2351 154 2453 1208 1523 64 1285 1585 92 187 1330 1074 575 628 662 316 1789 1025 1733 73 1956 2003 20 552 457 1411 718 538 234 686 460 128 415 2418 1334 2084 134 1349 2367 1922 787 924 1811 1591 1582 305 1703 293 1469 440 643 302 960 58 2049 597 1633 753 119 171 1072 1100 789 2018 36 2231 1460 494 1781 1426 1624 1079 2216 347 1607 1759 1757 792 2010 407 410 2057 2494 2237 489 741 261 82 2379 1148 864 1908 1422 1958 1455 1631 1848 1904 2290 341 1109 492 437 934 1936 266 455 2197 2171 519 1337 254 568 1792 810 31 113 488 1462 225 661 1150 204 1384 
Distance: 1168581
